camera:
  position: [2.37297368, 2.55668759, -5.06760311]
  direction: [0.0461283922, -0.188217461, 0.981010616]
objects:
  - type: sphere
    position: [0, 1, 0]
    radius: 1
    materialIndex: 1
  - type: sphere
    position: [2, 1, 0]
    radius: 1
    materialIndex: 2
  - type: sphere
    position: [4, 1, 0]
    radius: 1
    materialIndex: 3
  - type: sphere
    position: [6, 1, 0]
    radius: 1
    materialIndex: 4
  - type: plane
    normal: [0, 1, 0]
    distance: 0
    materialIndex: 0
materials:
  - albedo: [0.5, 0.5, 0.5]
    roughness: 0.400000006
  - albedo: [0.800000012, 0.800000012, 0.800000012]
    roughness: 0
  - albedo: [0.800000012, 0.800000012, 0.800000012]
    roughness: 0.150000006
  - albedo: [0.800000012, 0.800000012, 0.800000012]
    roughness: 0.300000012
  - albedo: [0.800000012, 0.800000012, 0.800000012]
    roughness: 0.899999976