camera:
  position: [2.73728657, 1.41719902, -4.44812918]
  direction: [0.0453597307, -0.113712862, 0.992426395]
objects:
  - type: sphere
    position: [0, 1, 0]
    radius: 1
    materialIndex: 1
  - type: sphere
    position: [2, 1, 0]
    radius: 1
    materialIndex: 2
  - type: sphere
    position: [4, 1, 0]
    radius: 1
    materialIndex: 3
  - type: sphere
    position: [6, 1, 0]
    radius: 1
    materialIndex: 4
  - type: plane
    normal: [0, 1, 0]
    distance: 0
    materialIndex: 0
materials:
  - albedo: [0.800000012, 0.800000012, 0.800000012]
    roughness: 1
  - albedo: [0.689999998, 0.639999986, 0]
    roughness: 0
  - albedo: [0.800000012, 0.800000012, 0.300000012]
    roughness: 0.150000006
  - albedo: [0, 0.800000012, 0.800000012]
    roughness: 0.300000012
  - albedo: [0.800000012, 0, 0.800000012]
    roughness: 0.899999976